rasp_buster
            pivm    raspberry   ratio
    71      366     732         2
    71      444     818         1.85
    72      270     515         1.91
    72      266     590         2.21
    73      427     783         1.83
    73      473     

avg         374     687         1.96


tiny_core 
            pivm    raspberry   ratio
    71      144     228         1.58
    71      151
    72      145     222         1.53
    72      129     237         1.84
    73      145     246         1.70
    73              223
    73      136     237         1.74
avg         142     232         1.68
